1 2 4
1 3 2
1 5 1
1 18 3
1 26 2
1 37 6
2 4 3
2 18 4
2 26 3
3 5 2
3 9 2
3 24 3
3 26 3
3 30 3
4 24 3
4 26 3
5 9 1
6 7 2
6 8 1
6 36 2
7 8 1
7 10 2
8 10 1
8 36 1
9 15 3
9 31 3
10 36 1
11 12 3
11 16 2
11 23 2
11 29 3
11 35 1
12 13 2
12 17 2
12 29 2
12 35 2
13 17 2
14 19 2
14 31 2
14 33 2
14 34 2
15 31 3
15 33 2
15 37 8
16 19 2
16 23 2
16 29 3
17 28 2
17 34 2
19 22 2
19 29 3
19 32 2
19 34 3
20 35 3
21 28 1
21 33 2
21 34 2
22 30 3
22 31 3
22 32 2
23 25 3
24 27 4
24 30 2
25 27 2
25 32 3
25 36 1
27 30 4
27 32 2
28 34 2
29 34 2
31 33 2
35 36 5
